fd: 3037.190194387405 
fd_infinity_value: 2479.1563755889 
