fd: 3180.931682631261 
fd_infinity_value: 2997.1250641424413 
